     8     5     6     3     2  |   8     1     4     9     2  |   0     9     6     3     1   |  3     8     5     1     6


     4     9     1     0     3  |   6     5     8     2     4  |   9     0     5     6     8   |  4     5     2     1     3


     5     9     8     0     2  |   9     6     3     1     4  |   0     2     1     4     9   |  4     0     3     1     9


     2     5     6     0     4  |   0     5     8     1     3  |   2     3     0     8     5   |  6     4     9     2     8



practice trial:
	digit = 6
	speaker = 25
	dB_SNR = 0